%%Plot 1: Permutations 

%x-axis
memoryFP = [2.344 58.594 131.836  234.375 1464.844 5859.375 13183.594 23437.500];

%y-axis variables
natMFLOPS = [1657.531 1722.938 1820.201 1790.412 1459.729 1357.600 1338.640 1410.984];

mknMFLOPS = [1669.484 2174.440 2347.731 2362.906 2495.389 2584.372 2579.091 2647.656];

kmnMFLOPS = [1694.178 2185.604 2363.759 2432.226 2350.606 2422.848 2474.717 2464.947];

knmMFLOPS = [1342.414 1543.887 1605.928 1653.034  968.252  621.985  626.797  628.236];

nkmMFLOPS = [1326.821 1541.638 1622.800 1632.371  942.094  630.812  596.521  645.259];

nmkMFLOPS = [1614.073 1742.267 1757.213 1783.677 1626.988 1439.758 1498.896 1511.946];

libMFLOPS = [2156.152 4424.696 4007.367 4511.847 4640.353 4573.360 3980.559 4552.058];